810 
416 
654 
488 
856 
128 
327 
786 
431 
729 
403 
750 
764 
430 
446 
80 
90 
675 
378 
141 
493 
972 
970 
340 
788 
786 
846 
559 
329 
413 
240 
676 
813 
482 
453 
437 
370 
661 
421 
611 
292 
276 
415 
945 
745 
147 
779 
559 
438 
255 
304 
878 
64 
588 
695 
381 
662 
364 
283 
868 
705 
612 
505 
225 
462 
215 
587 
873 
677 
751 
192 
855 
461 
466 
694 
449 
432 
468 
380 
424 
554 
457 
78 
465 
501 
873 
212 
278 
229 
475 
202 
222 
415 
368 
411 
581 
811 
211 
496 
630 
174 
139 
955 
148 
552 
700 
860 
580 
952 
502 
390 
115 
294 
92 
791 
567 
951 
638 
480 
355 
132 
786 
511 
146 
12 
379 
754 
82 
750 
200 
393 
735 
482 
500 
203 
477 
668 
78 
958 
790 
528 
974 
636 
902 
945 
294 
831 
984 
896 
80 
100 
250 
297 
161 
505 
325 
351 
977 
237 
477 
719 
619 
536 
633 
278 
751 
928 
134 
550 
289 
374 
485 
543 
834 
202 
729 
691 
940 
305 
195 
16 
72 
429 
608 
754 
931 
658 
893 
51 
972 
662 
431 
888 
700 
284 
945 
243 
564 
335 
301 
321 
734 
711 
474 
409 
972 
539 
357 
513 
774 
773 
820 
462 
797 
455 
746 
458 
397 
60 
151 
791 
177 
665 
343 
781 
998 
371 
544 
753 
483 
630 
29 
445 
366 
446 
277 
76 
43 
824 
426 
209 
561 
524 
103 
262 
116 
50 
595 
663 
169 
702 
248 
193 
721 
718 
517 
111 
242 
477 
680 
54 
689 
355 
511 
512 
459 
921 
437 
407 
580 
731 
875 
746 
449 
901 
789 
463 
895 
737 
220 
189 
755 
908 
237 
978 
563 
472 
776 
699 
740 
451 
940 
421 
299 
364 
414 
127 
804 
623 
221 
861 
1 
161 
121 
182 
988 
209 
228 
947 
443 
588 
767 
861 
794 
976 
37 
435 
735 
790 
876 
339 
22 
138 
943 
211 
113 
967 
102 
753 
627 
913 
960 
125 
249 
550 
144 
522 
234 
818 
915 
612 
418 
150 
941 
863 
898 
962 
478 
616 
442 
51 
795 
235 
262 
236 
274 
417 
77 
676 
279 
913 
667 
789 
434 
517 
941 
809 
654 
182 
816 
327 
158 
834 
435 
709 
938 
375 
425 
657 
707 
14 
505 
661 
2 
407 
322 
649 
852 
495 
363 
192 
414 
662 
363 
784 
956 
252 
66 
889 
715 
45 
19 
735 
436 
930 
578 
80 
369 
321 
686 
944 
250 
334 
379 
531 
910 
368 
919 
842 
516 
703 
389 
443 
157 
316 
184 
633 
989 
114 
729 
124 
730 
761 
898 
228 
436 
956 
645 
462 
872 
535 
707 
121 
470 
297 
162 
301 
138 
179 
860 
526 
703 
242 
304 
91 
39 
77 
748 
78 
623 
431 
549 
642 
121 
960 
792 
887 
810 
601 
450 
78 
815 
139 
194 
212 
314 
499 
202 
262 
365 
155 
897 
123 
220 
731 
581 
22 
194 
23 
932 
34 
248 
390 
311 
625 
621 
752 
868 
180 
22 
997 
202 
161 
319 
910 
871 
763 
958 
229 
945 
106 
186 
489 
933 
922 
605 
161 
778 
30 
825 
619 
178 
192 
506 
777 
80 
750 
415 
488 
351 
623 
124 
666 
517 
568 
960 
69 
896 
778 
125 
492 
921 
605 
82 
243 
404 
391 
95 
207 
521 
213 
276 
50 
354 
970 
367 
959 
635 
248 
456 
973 
347 
697 
930 
362 
642 
422 
7 
53 
37 
533 
857 
910 
541 
499 
210 
428 
647 
915 
505 
70 
810 
658 
623 
618 
516 
457 
908 
995 
909 
859 
52 
451 
942 
349 
492 
48 
199 
120 
221 
766 
967 
248 
282 
760 
315 
14 
208 
70 
965 
407 
526 
424 
151 
635 
331 
595 
380 
44 
464 
433 
574 
521 
433 
186 
851 
679 
47 
878 
775 
142 
437 
927 
657 
375 
333 
11 
343 
263 
764 
968 
300 
768 
105 
258 
995 
798 
168 
381 
185 
463 
43 
112 
391 
216 
242 
607 
213 
5 
57 
127 
577 
811 
707 
763 
910 
378 
385 
440 
314 
916 
876 
451 
257 
775 
450 
553 
877 
13 
544 
85 
217 
566 
843 
293 
163 
573 
44 
901 
974 
91 
642 
520 
474 
917 
639 
300 
78 
527 
896 
798 
501 
303 
118 
625 
839 
701 
1 
833 
253 
692 
697 
254 
256 
994 
649 
87 
127 
543 
867 
786 
475 
260 
626 
411 
903 
976 
267 
268 
955 
944 
437 
203 
522 
150 
328 
255 
262 
467 
175 
388 
124 
969 
848 
483 
310 
593 
983 
235 
112 
798 
130 
610 
297 
546 
622 
990 
919 
784 
779 
629 
207 
987 
992 
410 
42 
613 
142 
430 
849 
85 
118 
474 
679 
290 
730 
84 
335 
928 
400 
553 
100 
714 
222 
636 
341 
294 
341 
647 
456 
846 
635 
882 
792 
141 
518 
981 
116 
538 
873 
274 
675 
563 
106 
334 
509 
291 
637 
264 
271 
583 
953 
578 
552 
993 
156 
182 
588 
368 
33 
985 
254 
626 
973 
752 
418 
948 
817 
261 
986 
833 
73 
490 
67 
265 
771 
896 
93 
694 
902 
400 
884 
12 
679 
585 
50 
35 
694 
907 
294 
576 
187 
951 
751 
925 
278 
559 
868 
53 
670 
754 
956 
788 
586 
205 
406 
776 
612 
423 
149 
78 
414 
75 
510 
808 
364 
428 
387 
871 
149 
61 
696 
482 
674 
499 
867 
930 
670 
309 
157 
411 
728 
203 
293 
123 
724 
684 
570 
62 
760 
103 
936 
703 
671 
40 
838 
837 
886 
37 
412 
44 
411 
15 
372 
869 
269 
425 
623 
43 
756 
287 
287 
468 
220 
625 
659 
775 
916 
242 
18 
507 
282 
203 
518 
466 
955 
588 
909 
576 
584 
961 
711 
203 
711 
52 
913 
381 
147 
617 
689 
318 
881 
498 
479 
281 
813 
738 
918 
748 
956 
89 
717 
620 
355 
171 
301 
320 
472 
111 
631 
459 
657 
573 
296 
342 
270 
418 
872 
120 
201 
126 
950 
32 
282 
800 
115 
843 
347 
310 
243 
311 
670 
218 
240 
151 
500 
684 
890 
934 
490 
